INFO: 2025-04-02 21:43:37,639: Data
INFO: 2025-04-02 21:43:37,640: Data shape (110527, 14)
INFO: 2025-04-02 21:43:37,653: Percentage of women: 0.653882342398853
INFO: 2025-04-02 21:43:37,667: Percentage of men: 0.346117657601147
